# Blender 4.0.2
# www.blender.org
mtllib rain_part_heavy.mtl
o Drop
v 0.000000 -5.000000 -0.031250
v 0.000000 5.000000 -0.031250
v 0.031250 -5.000000 0.000000
v 0.031250 5.000000 0.000000
v 0.000000 -5.000000 0.031250
v 0.000000 5.000000 0.031250
v -0.031250 -5.000000 0.000000
v -0.031250 5.000000 0.000000
vn 0.7071 -0.0000 -0.7071
vn 0.7071 -0.0000 0.7071
vn -0.0000 1.0000 -0.0000
vn -0.7071 -0.0000 0.7071
vn -0.7071 -0.0000 -0.7071
vn -0.0000 -1.0000 -0.0000
vt 1.000000 0.500000
vt 1.000000 1.000000
vt 0.750000 1.000000
vt 0.750000 0.500000
vt 0.500000 1.000000
vt 0.500000 0.500000
vt 0.490000 0.250000
vt 0.250000 0.490000
vt 0.010000 0.250000
vt 0.250000 0.010000
vt 0.250000 1.000000
vt 0.250000 0.500000
vt 0.000000 1.000000
vt 0.000000 0.500000
vt 0.750000 0.490000
vt 0.990000 0.250000
vt 0.750000 0.010000
vt 0.510000 0.250000
s 0
f 1/1/1 2/2/1 4/3/1 3/4/1
f 3/4/2 4/3/2 6/5/2 5/6/2
f 4/7/3 2/8/3 8/9/3 6/10/3
f 5/6/4 6/5/4 8/11/4 7/12/4
f 7/12/5 8/11/5 2/13/5 1/14/5
f 1/15/6 3/16/6 5/17/6 7/18/6
o Drop.001
v -6.400000 -1.400000 -4.031250
v -6.400000 8.600000 -4.031250
v -6.368750 -1.400000 -4.000000
v -6.368750 8.600000 -4.000000
v -6.400000 -1.400000 -3.968750
v -6.400000 8.600000 -3.968750
v -6.431250 -1.400000 -4.000000
v -6.431250 8.600000 -4.000000
vn 0.7071 -0.0000 -0.7071
vn 0.7071 -0.0000 0.7071
vn -0.0000 1.0000 -0.0000
vn -0.7071 -0.0000 0.7071
vn -0.7071 -0.0000 -0.7071
vn -0.0000 -1.0000 -0.0000
vt 1.000000 0.500000
vt 1.000000 1.000000
vt 0.750000 1.000000
vt 0.750000 0.500000
vt 0.500000 1.000000
vt 0.500000 0.500000
vt 0.490000 0.250000
vt 0.250000 0.490000
vt 0.010000 0.250000
vt 0.250000 0.010000
vt 0.250000 1.000000
vt 0.250000 0.500000
vt 0.000000 1.000000
vt 0.000000 0.500000
vt 0.750000 0.490000
vt 0.990000 0.250000
vt 0.750000 0.010000
vt 0.510000 0.250000
s 0
f 9/19/7 10/20/7 12/21/7 11/22/7
f 11/22/8 12/21/8 14/23/8 13/24/8
f 12/25/9 10/26/9 16/27/9 14/28/9
f 13/24/10 14/23/10 16/29/10 15/30/10
f 15/30/11 16/29/11 10/31/11 9/32/11
f 9/33/12 11/34/12 13/35/12 15/36/12
o Drop.002
v 4.000000 -4.600000 -5.231250
v 4.000000 5.400000 -5.231250
v 4.031250 -4.600000 -5.200000
v 4.031250 5.400000 -5.200000
v 4.000000 -4.600000 -5.168750
v 4.000000 5.400000 -5.168750
v 3.968750 -4.600000 -5.200000
v 3.968750 5.400000 -5.200000
vn 0.7071 -0.0000 -0.7071
vn 0.7071 -0.0000 0.7071
vn -0.0000 1.0000 -0.0000
vn -0.7071 -0.0000 0.7071
vn -0.7071 -0.0000 -0.7071
vn -0.0000 -1.0000 -0.0000
vt 1.000000 0.500000
vt 1.000000 1.000000
vt 0.750000 1.000000
vt 0.750000 0.500000
vt 0.500000 1.000000
vt 0.500000 0.500000
vt 0.490000 0.250000
vt 0.250000 0.490000
vt 0.010000 0.250000
vt 0.250000 0.010000
vt 0.250000 1.000000
vt 0.250000 0.500000
vt 0.000000 1.000000
vt 0.000000 0.500000
vt 0.750000 0.490000
vt 0.990000 0.250000
vt 0.750000 0.010000
vt 0.510000 0.250000
s 0
f 17/37/13 18/38/13 20/39/13 19/40/13
f 19/40/14 20/39/14 22/41/14 21/42/14
f 20/43/15 18/44/15 24/45/15 22/46/15
f 21/42/16 22/41/16 24/47/16 23/48/16
f 23/48/17 24/47/17 18/49/17 17/50/17
f 17/51/18 19/52/18 21/53/18 23/54/18
o Drop.003
v 6.800000 -1.000000 -7.231250
v 6.800000 9.000000 -7.231250
v 6.831250 -1.000000 -7.200000
v 6.831250 9.000000 -7.200000
v 6.800000 -1.000000 -7.168750
v 6.800000 9.000000 -7.168750
v 6.768750 -1.000000 -7.200000
v 6.768750 9.000000 -7.200000
vn 0.7071 -0.0000 -0.7071
vn 0.7071 -0.0000 0.7071
vn -0.0000 1.0000 -0.0000
vn -0.7071 -0.0000 0.7071
vn -0.7071 -0.0000 -0.7071
vn -0.0000 -1.0000 -0.0000
vt 1.000000 0.500000
vt 1.000000 1.000000
vt 0.750000 1.000000
vt 0.750000 0.500000
vt 0.500000 1.000000
vt 0.500000 0.500000
vt 0.490000 0.250000
vt 0.250000 0.490000
vt 0.010000 0.250000
vt 0.250000 0.010000
vt 0.250000 1.000000
vt 0.250000 0.500000
vt 0.000000 1.000000
vt 0.000000 0.500000
vt 0.750000 0.490000
vt 0.990000 0.250000
vt 0.750000 0.010000
vt 0.510000 0.250000
s 0
f 25/55/19 26/56/19 28/57/19 27/58/19
f 27/58/20 28/57/20 30/59/20 29/60/20
f 28/61/21 26/62/21 32/63/21 30/64/21
f 29/60/22 30/59/22 32/65/22 31/66/22
f 31/66/23 32/65/23 26/67/23 25/68/23
f 25/69/24 27/70/24 29/71/24 31/72/24
o Drop.004
v -1.200000 -3.000000 -5.631250
v -1.200000 7.000000 -5.631250
v -1.168750 -3.000000 -5.600000
v -1.168750 7.000000 -5.600000
v -1.200000 -3.000000 -5.568750
v -1.200000 7.000000 -5.568750
v -1.231250 -3.000000 -5.600000
v -1.231250 7.000000 -5.600000
vn 0.7071 -0.0000 -0.7071
vn 0.7071 -0.0000 0.7071
vn -0.0000 1.0000 -0.0000
vn -0.7071 -0.0000 0.7071
vn -0.7071 -0.0000 -0.7071
vn -0.0000 -1.0000 -0.0000
vt 1.000000 0.500000
vt 1.000000 1.000000
vt 0.750000 1.000000
vt 0.750000 0.500000
vt 0.500000 1.000000
vt 0.500000 0.500000
vt 0.490000 0.250000
vt 0.250000 0.490000
vt 0.010000 0.250000
vt 0.250000 0.010000
vt 0.250000 1.000000
vt 0.250000 0.500000
vt 0.000000 1.000000
vt 0.000000 0.500000
vt 0.750000 0.490000
vt 0.990000 0.250000
vt 0.750000 0.010000
vt 0.510000 0.250000
s 0
f 33/73/25 34/74/25 36/75/25 35/76/25
f 35/76/26 36/75/26 38/77/26 37/78/26
f 36/79/27 34/80/27 40/81/27 38/82/27
f 37/78/28 38/77/28 40/83/28 39/84/28
f 39/84/29 40/83/29 34/85/29 33/86/29
f 33/87/30 35/88/30 37/89/30 39/90/30
o Drop.005
v 4.400000 -6.600000 0.768750
v 4.400000 3.400000 0.768750
v 4.431250 -6.600000 0.800000
v 4.431250 3.400000 0.800000
v 4.400000 -6.600000 0.831250
v 4.400000 3.400000 0.831250
v 4.368750 -6.600000 0.800000
v 4.368750 3.400000 0.800000
vn 0.7071 -0.0000 -0.7071
vn 0.7071 -0.0000 0.7071
vn -0.0000 1.0000 -0.0000
vn -0.7071 -0.0000 0.7071
vn -0.7071 -0.0000 -0.7071
vn -0.0000 -1.0000 -0.0000
vt 1.000000 0.500000
vt 1.000000 1.000000
vt 0.750000 1.000000
vt 0.750000 0.500000
vt 0.500000 1.000000
vt 0.500000 0.500000
vt 0.490000 0.250000
vt 0.250000 0.490000
vt 0.010000 0.250000
vt 0.250000 0.010000
vt 0.250000 1.000000
vt 0.250000 0.500000
vt 0.000000 1.000000
vt 0.000000 0.500000
vt 0.750000 0.490000
vt 0.990000 0.250000
vt 0.750000 0.010000
vt 0.510000 0.250000
s 0
f 41/91/31 42/92/31 44/93/31 43/94/31
f 43/94/32 44/93/32 46/95/32 45/96/32
f 44/97/33 42/98/33 48/99/33 46/100/33
f 45/96/34 46/95/34 48/101/34 47/102/34
f 47/102/35 48/101/35 42/103/35 41/104/35
f 41/105/36 43/106/36 45/107/36 47/108/36
o Drop.006
v 3.200000 -7.400000 -2.831250
v 3.200000 2.600000 -2.831250
v 3.231250 -7.400000 -2.800000
v 3.231250 2.600000 -2.800000
v 3.200000 -7.400000 -2.768750
v 3.200000 2.600000 -2.768750
v 3.168750 -7.400000 -2.800000
v 3.168750 2.600000 -2.800000
vn 0.7071 -0.0000 -0.7071
vn 0.7071 -0.0000 0.7071
vn -0.0000 1.0000 -0.0000
vn -0.7071 -0.0000 0.7071
vn -0.7071 -0.0000 -0.7071
vn -0.0000 -1.0000 -0.0000
vt 1.000000 0.500000
vt 1.000000 1.000000
vt 0.750000 1.000000
vt 0.750000 0.500000
vt 0.500000 1.000000
vt 0.500000 0.500000
vt 0.490000 0.250000
vt 0.250000 0.490000
vt 0.010000 0.250000
vt 0.250000 0.010000
vt 0.250000 1.000000
vt 0.250000 0.500000
vt 0.000000 1.000000
vt 0.000000 0.500000
vt 0.750000 0.490000
vt 0.990000 0.250000
vt 0.750000 0.010000
vt 0.510000 0.250000
s 0
f 49/109/37 50/110/37 52/111/37 51/112/37
f 51/112/38 52/111/38 54/113/38 53/114/38
f 52/115/39 50/116/39 56/117/39 54/118/39
f 53/114/40 54/113/40 56/119/40 55/120/40
f 55/120/41 56/119/41 50/121/41 49/122/41
f 49/123/42 51/124/42 53/125/42 55/126/42
o Drop.007
v -2.000000 0.200000 -2.431250
v -2.000000 10.200000 -2.431250
v -1.968750 0.200000 -2.400000
v -1.968750 10.200000 -2.400000
v -2.000000 0.200000 -2.368750
v -2.000000 10.200000 -2.368750
v -2.031250 0.200000 -2.400000
v -2.031250 10.200000 -2.400000
vn 0.7071 -0.0000 -0.7071
vn 0.7071 -0.0000 0.7071
vn -0.0000 1.0000 -0.0000
vn -0.7071 -0.0000 0.7071
vn -0.7071 -0.0000 -0.7071
vn -0.0000 -1.0000 -0.0000
vt 1.000000 0.500000
vt 1.000000 1.000000
vt 0.750000 1.000000
vt 0.750000 0.500000
vt 0.500000 1.000000
vt 0.500000 0.500000
vt 0.490000 0.250000
vt 0.250000 0.490000
vt 0.010000 0.250000
vt 0.250000 0.010000
vt 0.250000 1.000000
vt 0.250000 0.500000
vt 0.000000 1.000000
vt 0.000000 0.500000
vt 0.750000 0.490000
vt 0.990000 0.250000
vt 0.750000 0.010000
vt 0.510000 0.250000
s 0
f 57/127/43 58/128/43 60/129/43 59/130/43
f 59/130/44 60/129/44 62/131/44 61/132/44
f 60/133/45 58/134/45 64/135/45 62/136/45
f 61/132/46 62/131/46 64/137/46 63/138/46
f 63/138/47 64/137/47 58/139/47 57/140/47
f 57/141/48 59/142/48 61/143/48 63/144/48
o Drop.008
v -6.400000 -3.400000 -0.831250
v -6.400000 6.600000 -0.831250
v -6.368750 -3.400000 -0.800000
v -6.368750 6.600000 -0.800000
v -6.400000 -3.400000 -0.768750
v -6.400000 6.600000 -0.768750
v -6.431250 -3.400000 -0.800000
v -6.431250 6.600000 -0.800000
vn 0.7071 -0.0000 -0.7071
vn 0.7071 -0.0000 0.7071
vn -0.0000 1.0000 -0.0000
vn -0.7071 -0.0000 0.7071
vn -0.7071 -0.0000 -0.7071
vn -0.0000 -1.0000 -0.0000
vt 1.000000 0.500000
vt 1.000000 1.000000
vt 0.750000 1.000000
vt 0.750000 0.500000
vt 0.500000 1.000000
vt 0.500000 0.500000
vt 0.490000 0.250000
vt 0.250000 0.490000
vt 0.010000 0.250000
vt 0.250000 0.010000
vt 0.250000 1.000000
vt 0.250000 0.500000
vt 0.000000 1.000000
vt 0.000000 0.500000
vt 0.750000 0.490000
vt 0.990000 0.250000
vt 0.750000 0.010000
vt 0.510000 0.250000
s 0
f 65/145/49 66/146/49 68/147/49 67/148/49
f 67/148/50 68/147/50 70/149/50 69/150/50
f 68/151/51 66/152/51 72/153/51 70/154/51
f 69/150/52 70/149/52 72/155/52 71/156/52
f 71/156/53 72/155/53 66/157/53 65/158/53
f 65/159/54 67/160/54 69/161/54 71/162/54
o Drop.009
v -3.200000 -2.200000 1.568750
v -3.200000 7.800000 1.568750
v -3.168750 -2.200000 1.600000
v -3.168750 7.800000 1.600000
v -3.200000 -2.200000 1.631250
v -3.200000 7.800000 1.631250
v -3.231250 -2.200000 1.600000
v -3.231250 7.800000 1.600000
vn 0.7071 -0.0000 -0.7071
vn 0.7071 -0.0000 0.7071
vn -0.0000 1.0000 -0.0000
vn -0.7071 -0.0000 0.7071
vn -0.7071 -0.0000 -0.7071
vn -0.0000 -1.0000 -0.0000
vt 1.000000 0.500000
vt 1.000000 1.000000
vt 0.750000 1.000000
vt 0.750000 0.500000
vt 0.500000 1.000000
vt 0.500000 0.500000
vt 0.490000 0.250000
vt 0.250000 0.490000
vt 0.010000 0.250000
vt 0.250000 0.010000
vt 0.250000 1.000000
vt 0.250000 0.500000
vt 0.000000 1.000000
vt 0.000000 0.500000
vt 0.750000 0.490000
vt 0.990000 0.250000
vt 0.750000 0.010000
vt 0.510000 0.250000
s 0
f 73/163/55 74/164/55 76/165/55 75/166/55
f 75/166/56 76/165/56 78/167/56 77/168/56
f 76/169/57 74/170/57 80/171/57 78/172/57
f 77/168/58 78/167/58 80/173/58 79/174/58
f 79/174/59 80/173/59 74/175/59 73/176/59
f 73/177/60 75/178/60 77/179/60 79/180/60
o Drop.010
v 4.400000 -1.400000 4.768750
v 4.400000 8.600000 4.768750
v 4.431250 -1.400000 4.800000
v 4.431250 8.600000 4.800000
v 4.400000 -1.400000 4.831250
v 4.400000 8.600000 4.831250
v 4.368750 -1.400000 4.800000
v 4.368750 8.600000 4.800000
vn 0.7071 -0.0000 -0.7071
vn 0.7071 -0.0000 0.7071
vn -0.0000 1.0000 -0.0000
vn -0.7071 -0.0000 0.7071
vn -0.7071 -0.0000 -0.7071
vn -0.0000 -1.0000 -0.0000
vt 1.000000 0.500000
vt 1.000000 1.000000
vt 0.750000 1.000000
vt 0.750000 0.500000
vt 0.500000 1.000000
vt 0.500000 0.500000
vt 0.490000 0.250000
vt 0.250000 0.490000
vt 0.010000 0.250000
vt 0.250000 0.010000
vt 0.250000 1.000000
vt 0.250000 0.500000
vt 0.000000 1.000000
vt 0.000000 0.500000
vt 0.750000 0.490000
vt 0.990000 0.250000
vt 0.750000 0.010000
vt 0.510000 0.250000
s 0
f 81/181/61 82/182/61 84/183/61 83/184/61
f 83/184/62 84/183/62 86/185/62 85/186/62
f 84/187/63 82/188/63 88/189/63 86/190/63
f 85/186/64 86/185/64 88/191/64 87/192/64
f 87/192/65 88/191/65 82/193/65 81/194/65
f 81/195/66 83/196/66 85/197/66 87/198/66
o Drop.011
v 2.000000 -6.600000 2.768750
v 2.000000 3.400000 2.768750
v 2.031250 -6.600000 2.800000
v 2.031250 3.400000 2.800000
v 2.000000 -6.600000 2.831250
v 2.000000 3.400000 2.831250
v 1.968750 -6.600000 2.800000
v 1.968750 3.400000 2.800000
vn 0.7071 -0.0000 -0.7071
vn 0.7071 -0.0000 0.7071
vn -0.0000 1.0000 -0.0000
vn -0.7071 -0.0000 0.7071
vn -0.7071 -0.0000 -0.7071
vn -0.0000 -1.0000 -0.0000
vt 1.000000 0.500000
vt 1.000000 1.000000
vt 0.750000 1.000000
vt 0.750000 0.500000
vt 0.500000 1.000000
vt 0.500000 0.500000
vt 0.490000 0.250000
vt 0.250000 0.490000
vt 0.010000 0.250000
vt 0.250000 0.010000
vt 0.250000 1.000000
vt 0.250000 0.500000
vt 0.000000 1.000000
vt 0.000000 0.500000
vt 0.750000 0.490000
vt 0.990000 0.250000
vt 0.750000 0.010000
vt 0.510000 0.250000
s 0
f 89/199/67 90/200/67 92/201/67 91/202/67
f 91/202/68 92/201/68 94/203/68 93/204/68
f 92/205/69 90/206/69 96/207/69 94/208/69
f 93/204/70 94/203/70 96/209/70 95/210/70
f 95/210/71 96/209/71 90/211/71 89/212/71
f 89/213/72 91/214/72 93/215/72 95/216/72
o Drop.012
v -6.400000 -5.000000 2.368750
v -6.400000 5.000000 2.368750
v -6.368750 -5.000000 2.400000
v -6.368750 5.000000 2.400000
v -6.400000 -5.000000 2.431250
v -6.400000 5.000000 2.431250
v -6.431250 -5.000000 2.400000
v -6.431250 5.000000 2.400000
vn 0.7071 -0.0000 -0.7071
vn 0.7071 -0.0000 0.7071
vn -0.0000 1.0000 -0.0000
vn -0.7071 -0.0000 0.7071
vn -0.7071 -0.0000 -0.7071
vn -0.0000 -1.0000 -0.0000
vt 1.000000 0.500000
vt 1.000000 1.000000
vt 0.750000 1.000000
vt 0.750000 0.500000
vt 0.500000 1.000000
vt 0.500000 0.500000
vt 0.490000 0.250000
vt 0.250000 0.490000
vt 0.010000 0.250000
vt 0.250000 0.010000
vt 0.250000 1.000000
vt 0.250000 0.500000
vt 0.000000 1.000000
vt 0.000000 0.500000
vt 0.750000 0.490000
vt 0.990000 0.250000
vt 0.750000 0.010000
vt 0.510000 0.250000
s 0
f 97/217/73 98/218/73 100/219/73 99/220/73
f 99/220/74 100/219/74 102/221/74 101/222/74
f 100/223/75 98/224/75 104/225/75 102/226/75
f 101/222/76 102/221/76 104/227/76 103/228/76
f 103/228/77 104/227/77 98/229/77 97/230/77
f 97/231/78 99/232/78 101/233/78 103/234/78
o Drop.013
v -1.200000 -3.000000 3.568750
v -1.200000 7.000000 3.568750
v -1.168750 -3.000000 3.600000
v -1.168750 7.000000 3.600000
v -1.200000 -3.000000 3.631250
v -1.200000 7.000000 3.631250
v -1.231250 -3.000000 3.600000
v -1.231250 7.000000 3.600000
vn 0.7071 -0.0000 -0.7071
vn 0.7071 -0.0000 0.7071
vn -0.0000 1.0000 -0.0000
vn -0.7071 -0.0000 0.7071
vn -0.7071 -0.0000 -0.7071
vn -0.0000 -1.0000 -0.0000
vt 1.000000 0.500000
vt 1.000000 1.000000
vt 0.750000 1.000000
vt 0.750000 0.500000
vt 0.500000 1.000000
vt 0.500000 0.500000
vt 0.490000 0.250000
vt 0.250000 0.490000
vt 0.010000 0.250000
vt 0.250000 0.010000
vt 0.250000 1.000000
vt 0.250000 0.500000
vt 0.000000 1.000000
vt 0.000000 0.500000
vt 0.750000 0.490000
vt 0.990000 0.250000
vt 0.750000 0.010000
vt 0.510000 0.250000
s 0
f 105/235/79 106/236/79 108/237/79 107/238/79
f 107/238/80 108/237/80 110/239/80 109/240/80
f 108/241/81 106/242/81 112/243/81 110/244/81
f 109/240/82 110/239/82 112/245/82 111/246/82
f 111/246/83 112/245/83 106/247/83 105/248/83
f 105/249/84 107/250/84 109/251/84 111/252/84
o Drop.014
v -6.400000 -3.800000 5.568750
v -6.400000 6.200000 5.568750
v -6.368750 -3.800000 5.600000
v -6.368750 6.200000 5.600000
v -6.400000 -3.800000 5.631250
v -6.400000 6.200000 5.631250
v -6.431250 -3.800000 5.600000
v -6.431250 6.200000 5.600000
vn 0.7071 -0.0000 -0.7071
vn 0.7071 -0.0000 0.7071
vn -0.0000 1.0000 -0.0000
vn -0.7071 -0.0000 0.7071
vn -0.7071 -0.0000 -0.7071
vn -0.0000 -1.0000 -0.0000
vt 1.000000 0.500000
vt 1.000000 1.000000
vt 0.750000 1.000000
vt 0.750000 0.500000
vt 0.500000 1.000000
vt 0.500000 0.500000
vt 0.490000 0.250000
vt 0.250000 0.490000
vt 0.010000 0.250000
vt 0.250000 0.010000
vt 0.250000 1.000000
vt 0.250000 0.500000
vt 0.000000 1.000000
vt 0.000000 0.500000
vt 0.750000 0.490000
vt 0.990000 0.250000
vt 0.750000 0.010000
vt 0.510000 0.250000
s 0
f 113/253/85 114/254/85 116/255/85 115/256/85
f 115/256/86 116/255/86 118/257/86 117/258/86
f 116/259/87 114/260/87 120/261/87 118/262/87
f 117/258/88 118/257/88 120/263/88 119/264/88
f 119/264/89 120/263/89 114/265/89 113/266/89
f 113/267/90 115/268/90 117/269/90 119/270/90
o Drop.015
v 6.400000 -6.600000 6.768750
v 6.400000 3.400000 6.768750
v 6.431250 -6.600000 6.800000
v 6.431250 3.400000 6.800000
v 6.400000 -6.600000 6.831250
v 6.400000 3.400000 6.831250
v 6.368750 -6.600000 6.800000
v 6.368750 3.400000 6.800000
vn 0.7071 -0.0000 -0.7071
vn 0.7071 -0.0000 0.7071
vn -0.0000 1.0000 -0.0000
vn -0.7071 -0.0000 0.7071
vn -0.7071 -0.0000 -0.7071
vn -0.0000 -1.0000 -0.0000
vt 1.000000 0.500000
vt 1.000000 1.000000
vt 0.750000 1.000000
vt 0.750000 0.500000
vt 0.500000 1.000000
vt 0.500000 0.500000
vt 0.490000 0.250000
vt 0.250000 0.490000
vt 0.010000 0.250000
vt 0.250000 0.010000
vt 0.250000 1.000000
vt 0.250000 0.500000
vt 0.000000 1.000000
vt 0.000000 0.500000
vt 0.750000 0.490000
vt 0.990000 0.250000
vt 0.750000 0.010000
vt 0.510000 0.250000
s 0
f 121/271/91 122/272/91 124/273/91 123/274/91
f 123/274/92 124/273/92 126/275/92 125/276/92
f 124/277/93 122/278/93 128/279/93 126/280/93
f 125/276/94 126/275/94 128/281/94 127/282/94
f 127/282/95 128/281/95 122/283/95 121/284/95
f 121/285/96 123/286/96 125/287/96 127/288/96
o Drop.016
v 6.800000 -5.000000 2.368750
v 6.800000 5.000000 2.368750
v 6.831250 -5.000000 2.400000
v 6.831250 5.000000 2.400000
v 6.800000 -5.000000 2.431250
v 6.800000 5.000000 2.431250
v 6.768750 -5.000000 2.400000
v 6.768750 5.000000 2.400000
vn 0.7071 -0.0000 -0.7071
vn 0.7071 -0.0000 0.7071
vn -0.0000 1.0000 -0.0000
vn -0.7071 -0.0000 0.7071
vn -0.7071 -0.0000 -0.7071
vn -0.0000 -1.0000 -0.0000
vt 1.000000 0.500000
vt 1.000000 1.000000
vt 0.750000 1.000000
vt 0.750000 0.500000
vt 0.500000 1.000000
vt 0.500000 0.500000
vt 0.490000 0.250000
vt 0.250000 0.490000
vt 0.010000 0.250000
vt 0.250000 0.010000
vt 0.250000 1.000000
vt 0.250000 0.500000
vt 0.000000 1.000000
vt 0.000000 0.500000
vt 0.750000 0.490000
vt 0.990000 0.250000
vt 0.750000 0.010000
vt 0.510000 0.250000
s 0
f 129/289/97 130/290/97 132/291/97 131/292/97
f 131/292/98 132/291/98 134/293/98 133/294/98
f 132/295/99 130/296/99 136/297/99 134/298/99
f 133/294/100 134/293/100 136/299/100 135/300/100
f 135/300/101 136/299/101 130/301/101 129/302/101
f 129/303/102 131/304/102 133/305/102 135/306/102
o Drop.017
v 5.200000 -7.000000 -1.231250
v 5.200000 3.000000 -1.231250
v 5.231250 -7.000000 -1.200000
v 5.231250 3.000000 -1.200000
v 5.200000 -7.000000 -1.168750
v 5.200000 3.000000 -1.168750
v 5.168750 -7.000000 -1.200000
v 5.168750 3.000000 -1.200000
vn 0.7071 -0.0000 -0.7071
vn 0.7071 -0.0000 0.7071
vn -0.0000 1.0000 -0.0000
vn -0.7071 -0.0000 0.7071
vn -0.7071 -0.0000 -0.7071
vn -0.0000 -1.0000 -0.0000
vt 1.000000 0.500000
vt 1.000000 1.000000
vt 0.750000 1.000000
vt 0.750000 0.500000
vt 0.500000 1.000000
vt 0.500000 0.500000
vt 0.490000 0.250000
vt 0.250000 0.490000
vt 0.010000 0.250000
vt 0.250000 0.010000
vt 0.250000 1.000000
vt 0.250000 0.500000
vt 0.000000 1.000000
vt 0.000000 0.500000
vt 0.750000 0.490000
vt 0.990000 0.250000
vt 0.750000 0.010000
vt 0.510000 0.250000
s 0
f 137/307/103 138/308/103 140/309/103 139/310/103
f 139/310/104 140/309/104 142/311/104 141/312/104
f 140/313/105 138/314/105 144/315/105 142/316/105
f 141/312/106 142/311/106 144/317/106 143/318/106
f 143/318/107 144/317/107 138/319/107 137/320/107
f 137/321/108 139/322/108 141/323/108 143/324/108
o Drop.018
v 2.800000 -2.200000 7.568750
v 2.800000 7.800000 7.568750
v 2.831250 -2.200000 7.600000
v 2.831250 7.800000 7.600000
v 2.800000 -2.200000 7.631250
v 2.800000 7.800000 7.631250
v 2.768750 -2.200000 7.600000
v 2.768750 7.800000 7.600000
vn 0.7071 -0.0000 -0.7071
vn 0.7071 -0.0000 0.7071
vn -0.0000 1.0000 -0.0000
vn -0.7071 -0.0000 0.7071
vn -0.7071 -0.0000 -0.7071
vn -0.0000 -1.0000 -0.0000
vt 1.000000 0.500000
vt 1.000000 1.000000
vt 0.750000 1.000000
vt 0.750000 0.500000
vt 0.500000 1.000000
vt 0.500000 0.500000
vt 0.490000 0.250000
vt 0.250000 0.490000
vt 0.010000 0.250000
vt 0.250000 0.010000
vt 0.250000 1.000000
vt 0.250000 0.500000
vt 0.000000 1.000000
vt 0.000000 0.500000
vt 0.750000 0.490000
vt 0.990000 0.250000
vt 0.750000 0.010000
vt 0.510000 0.250000
s 0
f 145/325/109 146/326/109 148/327/109 147/328/109
f 147/328/110 148/327/110 150/329/110 149/330/110
f 148/331/111 146/332/111 152/333/111 150/334/111
f 149/330/112 150/329/112 152/335/112 151/336/112
f 151/336/113 152/335/113 146/337/113 145/338/113
f 145/339/114 147/340/114 149/341/114 151/342/114
o Drop.019
v 0.800000 -3.400000 1.168750
v 0.800000 6.600000 1.168750
v 0.831250 -3.400000 1.200000
v 0.831250 6.600000 1.200000
v 0.800000 -3.400000 1.231250
v 0.800000 6.600000 1.231250
v 0.768750 -3.400000 1.200000
v 0.768750 6.600000 1.200000
vn 0.7071 -0.0000 -0.7071
vn 0.7071 -0.0000 0.7071
vn -0.0000 1.0000 -0.0000
vn -0.7071 -0.0000 0.7071
vn -0.7071 -0.0000 -0.7071
vn -0.0000 -1.0000 -0.0000
vt 1.000000 0.500000
vt 1.000000 1.000000
vt 0.750000 1.000000
vt 0.750000 0.500000
vt 0.500000 1.000000
vt 0.500000 0.500000
vt 0.490000 0.250000
vt 0.250000 0.490000
vt 0.010000 0.250000
vt 0.250000 0.010000
vt 0.250000 1.000000
vt 0.250000 0.500000
vt 0.000000 1.000000
vt 0.000000 0.500000
vt 0.750000 0.490000
vt 0.990000 0.250000
vt 0.750000 0.010000
vt 0.510000 0.250000
s 0
f 153/343/115 154/344/115 156/345/115 155/346/115
f 155/346/116 156/345/116 158/347/116 157/348/116
f 156/349/117 154/350/117 160/351/117 158/352/117
f 157/348/118 158/347/118 160/353/118 159/354/118
f 159/354/119 160/353/119 154/355/119 153/356/119
f 153/357/120 155/358/120 157/359/120 159/360/120
o Drop.020
v -3.200000 -3.800000 5.568750
v -3.200000 6.200000 5.568750
v -3.168750 -3.800000 5.600000
v -3.168750 6.200000 5.600000
v -3.200000 -3.800000 5.631250
v -3.200000 6.200000 5.631250
v -3.231250 -3.800000 5.600000
v -3.231250 6.200000 5.600000
vn 0.7071 -0.0000 -0.7071
vn 0.7071 -0.0000 0.7071
vn -0.0000 1.0000 -0.0000
vn -0.7071 -0.0000 0.7071
vn -0.7071 -0.0000 -0.7071
vn -0.0000 -1.0000 -0.0000
vt 1.000000 0.500000
vt 1.000000 1.000000
vt 0.750000 1.000000
vt 0.750000 0.500000
vt 0.500000 1.000000
vt 0.500000 0.500000
vt 0.490000 0.250000
vt 0.250000 0.490000
vt 0.010000 0.250000
vt 0.250000 0.010000
vt 0.250000 1.000000
vt 0.250000 0.500000
vt 0.000000 1.000000
vt 0.000000 0.500000
vt 0.750000 0.490000
vt 0.990000 0.250000
vt 0.750000 0.010000
vt 0.510000 0.250000
s 0
f 161/361/121 162/362/121 164/363/121 163/364/121
f 163/364/122 164/363/122 166/365/122 165/366/122
f 164/367/123 162/368/123 168/369/123 166/370/123
f 165/366/124 166/365/124 168/371/124 167/372/124
f 167/372/125 168/371/125 162/373/125 161/374/125
f 161/375/126 163/376/126 165/377/126 167/378/126
o Drop.021
v -4.400000 -5.000000 4.368750
v -4.400000 5.000000 4.368750
v -4.368750 -5.000000 4.400000
v -4.368750 5.000000 4.400000
v -4.400000 -5.000000 4.431250
v -4.400000 5.000000 4.431250
v -4.431250 -5.000000 4.400000
v -4.431250 5.000000 4.400000
vn 0.7071 -0.0000 -0.7071
vn 0.7071 -0.0000 0.7071
vn -0.0000 1.0000 -0.0000
vn -0.7071 -0.0000 0.7071
vn -0.7071 -0.0000 -0.7071
vn -0.0000 -1.0000 -0.0000
vt 1.000000 0.500000
vt 1.000000 1.000000
vt 0.750000 1.000000
vt 0.750000 0.500000
vt 0.500000 1.000000
vt 0.500000 0.500000
vt 0.490000 0.250000
vt 0.250000 0.490000
vt 0.010000 0.250000
vt 0.250000 0.010000
vt 0.250000 1.000000
vt 0.250000 0.500000
vt 0.000000 1.000000
vt 0.000000 0.500000
vt 0.750000 0.490000
vt 0.990000 0.250000
vt 0.750000 0.010000
vt 0.510000 0.250000
s 0
f 169/379/127 170/380/127 172/381/127 171/382/127
f 171/382/128 172/381/128 174/383/128 173/384/128
f 172/385/129 170/386/129 176/387/129 174/388/129
f 173/384/130 174/383/130 176/389/130 175/390/130
f 175/390/131 176/389/131 170/391/131 169/392/131
f 169/393/132 171/394/132 173/395/132 175/396/132
o Drop.022
v 1.200000 -5.000000 -4.031250
v 1.200000 5.000000 -4.031250
v 1.231250 -5.000000 -4.000000
v 1.231250 5.000000 -4.000000
v 1.200000 -5.000000 -3.968750
v 1.200000 5.000000 -3.968750
v 1.168750 -5.000000 -4.000000
v 1.168750 5.000000 -4.000000
vn 0.7071 -0.0000 -0.7071
vn 0.7071 -0.0000 0.7071
vn -0.0000 1.0000 -0.0000
vn -0.7071 -0.0000 0.7071
vn -0.7071 -0.0000 -0.7071
vn -0.0000 -1.0000 -0.0000
vt 1.000000 0.500000
vt 1.000000 1.000000
vt 0.750000 1.000000
vt 0.750000 0.500000
vt 0.500000 1.000000
vt 0.500000 0.500000
vt 0.490000 0.250000
vt 0.250000 0.490000
vt 0.010000 0.250000
vt 0.250000 0.010000
vt 0.250000 1.000000
vt 0.250000 0.500000
vt 0.000000 1.000000
vt 0.000000 0.500000
vt 0.750000 0.490000
vt 0.990000 0.250000
vt 0.750000 0.010000
vt 0.510000 0.250000
s 0
f 177/397/133 178/398/133 180/399/133 179/400/133
f 179/400/134 180/399/134 182/401/134 181/402/134
f 180/403/135 178/404/135 184/405/135 182/406/135
f 181/402/136 182/401/136 184/407/136 183/408/136
f 183/408/137 184/407/137 178/409/137 177/410/137
f 177/411/138 179/412/138 181/413/138 183/414/138
o Drop.023
v -5.200000 -5.000000 -6.431250
v -5.200000 5.000000 -6.431250
v -5.168750 -5.000000 -6.400000
v -5.168750 5.000000 -6.400000
v -5.200000 -5.000000 -6.368750
v -5.200000 5.000000 -6.368750
v -5.231250 -5.000000 -6.400000
v -5.231250 5.000000 -6.400000
vn 0.7071 -0.0000 -0.7071
vn 0.7071 -0.0000 0.7071
vn -0.0000 1.0000 -0.0000
vn -0.7071 -0.0000 0.7071
vn -0.7071 -0.0000 -0.7071
vn -0.0000 -1.0000 -0.0000
vt 1.000000 0.500000
vt 1.000000 1.000000
vt 0.750000 1.000000
vt 0.750000 0.500000
vt 0.500000 1.000000
vt 0.500000 0.500000
vt 0.490000 0.250000
vt 0.250000 0.490000
vt 0.010000 0.250000
vt 0.250000 0.010000
vt 0.250000 1.000000
vt 0.250000 0.500000
vt 0.000000 1.000000
vt 0.000000 0.500000
vt 0.750000 0.490000
vt 0.990000 0.250000
vt 0.750000 0.010000
vt 0.510000 0.250000
s 0
f 185/415/139 186/416/139 188/417/139 187/418/139
f 187/418/140 188/417/140 190/419/140 189/420/140
f 188/421/141 186/422/141 192/423/141 190/424/141
f 189/420/142 190/419/142 192/425/142 191/426/142
f 191/426/143 192/425/143 186/427/143 185/428/143
f 185/429/144 187/430/144 189/431/144 191/432/144
o Drop.024
v -7.200000 -6.600000 -6.831250
v -7.200000 3.400000 -6.831250
v -7.168750 -6.600000 -6.800000
v -7.168750 3.400000 -6.800000
v -7.200000 -6.600000 -6.768750
v -7.200000 3.400000 -6.768750
v -7.231250 -6.600000 -6.800000
v -7.231250 3.400000 -6.800000
vn 0.7071 -0.0000 -0.7071
vn 0.7071 -0.0000 0.7071
vn -0.0000 1.0000 -0.0000
vn -0.7071 -0.0000 0.7071
vn -0.7071 -0.0000 -0.7071
vn -0.0000 -1.0000 -0.0000
vt 1.000000 0.500000
vt 1.000000 1.000000
vt 0.750000 1.000000
vt 0.750000 0.500000
vt 0.500000 1.000000
vt 0.500000 0.500000
vt 0.490000 0.250000
vt 0.250000 0.490000
vt 0.010000 0.250000
vt 0.250000 0.010000
vt 0.250000 1.000000
vt 0.250000 0.500000
vt 0.000000 1.000000
vt 0.000000 0.500000
vt 0.750000 0.490000
vt 0.990000 0.250000
vt 0.750000 0.010000
vt 0.510000 0.250000
s 0
f 193/433/145 194/434/145 196/435/145 195/436/145
f 195/436/146 196/435/146 198/437/146 197/438/146
f 196/439/147 194/440/147 200/441/147 198/442/147
f 197/438/148 198/437/148 200/443/148 199/444/148
f 199/444/149 200/443/149 194/445/149 193/446/149
f 193/447/150 195/448/150 197/449/150 199/450/150
o Drop.025
v 1.600000 -8.200000 -1.231250
v 1.600000 1.800000 -1.231250
v 1.631250 -8.200000 -1.200000
v 1.631250 1.800000 -1.200000
v 1.600000 -8.200000 -1.168750
v 1.600000 1.800000 -1.168750
v 1.568750 -8.200000 -1.200000
v 1.568750 1.800000 -1.200000
vn 0.7071 -0.0000 -0.7071
vn 0.7071 -0.0000 0.7071
vn -0.0000 1.0000 -0.0000
vn -0.7071 -0.0000 0.7071
vn -0.7071 -0.0000 -0.7071
vn -0.0000 -1.0000 -0.0000
vt 1.000000 0.500000
vt 1.000000 1.000000
vt 0.750000 1.000000
vt 0.750000 0.500000
vt 0.500000 1.000000
vt 0.500000 0.500000
vt 0.490000 0.250000
vt 0.250000 0.490000
vt 0.010000 0.250000
vt 0.250000 0.010000
vt 0.250000 1.000000
vt 0.250000 0.500000
vt 0.000000 1.000000
vt 0.000000 0.500000
vt 0.750000 0.490000
vt 0.990000 0.250000
vt 0.750000 0.010000
vt 0.510000 0.250000
s 0
f 201/451/151 202/452/151 204/453/151 203/454/151
f 203/454/152 204/453/152 206/455/152 205/456/152
f 204/457/153 202/458/153 208/459/153 206/460/153
f 205/456/154 206/455/154 208/461/154 207/462/154
f 207/462/155 208/461/155 202/463/155 201/464/155
f 201/465/156 203/466/156 205/467/156 207/468/156
o Drop.026
v -4.000000 -5.000000 -4.031250
v -4.000000 5.000000 -4.031250
v -3.968750 -5.000000 -4.000000
v -3.968750 5.000000 -4.000000
v -4.000000 -5.000000 -3.968750
v -4.000000 5.000000 -3.968750
v -4.031250 -5.000000 -4.000000
v -4.031250 5.000000 -4.000000
vn 0.7071 -0.0000 -0.7071
vn 0.7071 -0.0000 0.7071
vn -0.0000 1.0000 -0.0000
vn -0.7071 -0.0000 0.7071
vn -0.7071 -0.0000 -0.7071
vn -0.0000 -1.0000 -0.0000
vt 1.000000 0.500000
vt 1.000000 1.000000
vt 0.750000 1.000000
vt 0.750000 0.500000
vt 0.500000 1.000000
vt 0.500000 0.500000
vt 0.490000 0.250000
vt 0.250000 0.490000
vt 0.010000 0.250000
vt 0.250000 0.010000
vt 0.250000 1.000000
vt 0.250000 0.500000
vt 0.000000 1.000000
vt 0.000000 0.500000
vt 0.750000 0.490000
vt 0.990000 0.250000
vt 0.750000 0.010000
vt 0.510000 0.250000
s 0
f 209/469/157 210/470/157 212/471/157 211/472/157
f 211/472/158 212/471/158 214/473/158 213/474/158
f 212/475/159 210/476/159 216/477/159 214/478/159
f 213/474/160 214/473/160 216/479/160 215/480/160
f 215/480/161 216/479/161 210/481/161 209/482/161
f 209/483/162 211/484/162 213/485/162 215/486/162
o Drop.027
v 8.000000 -6.600000 4.368750
v 8.000000 3.400000 4.368750
v 8.031250 -6.600000 4.400000
v 8.031250 3.400000 4.400000
v 8.000000 -6.600000 4.431250
v 8.000000 3.400000 4.431250
v 7.968750 -6.600000 4.400000
v 7.968750 3.400000 4.400000
vn 0.7071 -0.0000 -0.7071
vn 0.7071 -0.0000 0.7071
vn -0.0000 1.0000 -0.0000
vn -0.7071 -0.0000 0.7071
vn -0.7071 -0.0000 -0.7071
vn -0.0000 -1.0000 -0.0000
vt 1.000000 0.500000
vt 1.000000 1.000000
vt 0.750000 1.000000
vt 0.750000 0.500000
vt 0.500000 1.000000
vt 0.500000 0.500000
vt 0.490000 0.250000
vt 0.250000 0.490000
vt 0.010000 0.250000
vt 0.250000 0.010000
vt 0.250000 1.000000
vt 0.250000 0.500000
vt 0.000000 1.000000
vt 0.000000 0.500000
vt 0.750000 0.490000
vt 0.990000 0.250000
vt 0.750000 0.010000
vt 0.510000 0.250000
s 0
f 217/487/163 218/488/163 220/489/163 219/490/163
f 219/490/164 220/489/164 222/491/164 221/492/164
f 220/493/165 218/494/165 224/495/165 222/496/165
f 221/492/166 222/491/166 224/497/166 223/498/166
f 223/498/167 224/497/167 218/499/167 217/500/167
f 217/501/168 219/502/168 221/503/168 223/504/168
o Drop.028
v -4.400000 -3.000000 -1.631250
v -4.400000 7.000000 -1.631250
v -4.368750 -3.000000 -1.600000
v -4.368750 7.000000 -1.600000
v -4.400000 -3.000000 -1.568750
v -4.400000 7.000000 -1.568750
v -4.431250 -3.000000 -1.600000
v -4.431250 7.000000 -1.600000
vn 0.7071 -0.0000 -0.7071
vn 0.7071 -0.0000 0.7071
vn -0.0000 1.0000 -0.0000
vn -0.7071 -0.0000 0.7071
vn -0.7071 -0.0000 -0.7071
vn -0.0000 -1.0000 -0.0000
vt 1.000000 0.500000
vt 1.000000 1.000000
vt 0.750000 1.000000
vt 0.750000 0.500000
vt 0.500000 1.000000
vt 0.500000 0.500000
vt 0.490000 0.250000
vt 0.250000 0.490000
vt 0.010000 0.250000
vt 0.250000 0.010000
vt 0.250000 1.000000
vt 0.250000 0.500000
vt 0.000000 1.000000
vt 0.000000 0.500000
vt 0.750000 0.490000
vt 0.990000 0.250000
vt 0.750000 0.010000
vt 0.510000 0.250000
s 0
f 225/505/169 226/506/169 228/507/169 227/508/169
f 227/508/170 228/507/170 230/509/170 229/510/170
f 228/511/171 226/512/171 232/513/171 230/514/171
f 229/510/172 230/509/172 232/515/172 231/516/172
f 231/516/173 232/515/173 226/517/173 225/518/173
f 225/519/174 227/520/174 229/521/174 231/522/174
o Drop.029
v 1.200000 -7.400000 -7.631250
v 1.200000 2.600000 -7.631250
v 1.231250 -7.400000 -7.600000
v 1.231250 2.600000 -7.600000
v 1.200000 -7.400000 -7.568750
v 1.200000 2.600000 -7.568750
v 1.168750 -7.400000 -7.600000
v 1.168750 2.600000 -7.600000
vn 0.7071 -0.0000 -0.7071
vn 0.7071 -0.0000 0.7071
vn -0.0000 1.0000 -0.0000
vn -0.7071 -0.0000 0.7071
vn -0.7071 -0.0000 -0.7071
vn -0.0000 -1.0000 -0.0000
vt 1.000000 0.500000
vt 1.000000 1.000000
vt 0.750000 1.000000
vt 0.750000 0.500000
vt 0.500000 1.000000
vt 0.500000 0.500000
vt 0.490000 0.250000
vt 0.250000 0.490000
vt 0.010000 0.250000
vt 0.250000 0.010000
vt 0.250000 1.000000
vt 0.250000 0.500000
vt 0.000000 1.000000
vt 0.000000 0.500000
vt 0.750000 0.490000
vt 0.990000 0.250000
vt 0.750000 0.010000
vt 0.510000 0.250000
s 0
f 233/523/175 234/524/175 236/525/175 235/526/175
f 235/526/176 236/525/176 238/527/176 237/528/176
f 236/529/177 234/530/177 240/531/177 238/532/177
f 237/528/178 238/527/178 240/533/178 239/534/178
f 239/534/179 240/533/179 234/535/179 233/536/179
f 233/537/180 235/538/180 237/539/180 239/540/180
o Drop.030
v -0.800000 -4.600000 -3.231250
v -0.800000 5.400000 -3.231250
v -0.768750 -4.600000 -3.200000
v -0.768750 5.400000 -3.200000
v -0.800000 -4.600000 -3.168750
v -0.800000 5.400000 -3.168750
v -0.831250 -4.600000 -3.200000
v -0.831250 5.400000 -3.200000
vn 0.7071 -0.0000 -0.7071
vn 0.7071 -0.0000 0.7071
vn -0.0000 1.0000 -0.0000
vn -0.7071 -0.0000 0.7071
vn -0.7071 -0.0000 -0.7071
vn -0.0000 -1.0000 -0.0000
vt 1.000000 0.500000
vt 1.000000 1.000000
vt 0.750000 1.000000
vt 0.750000 0.500000
vt 0.500000 1.000000
vt 0.500000 0.500000
vt 0.490000 0.250000
vt 0.250000 0.490000
vt 0.010000 0.250000
vt 0.250000 0.010000
vt 0.250000 1.000000
vt 0.250000 0.500000
vt 0.000000 1.000000
vt 0.000000 0.500000
vt 0.750000 0.490000
vt 0.990000 0.250000
vt 0.750000 0.010000
vt 0.510000 0.250000
s 0
f 241/541/181 242/542/181 244/543/181 243/544/181
f 243/544/182 244/543/182 246/545/182 245/546/182
f 244/547/183 242/548/183 248/549/183 246/550/183
f 245/546/184 246/545/184 248/551/184 247/552/184
f 247/552/185 248/551/185 242/553/185 241/554/185
f 241/555/186 243/556/186 245/557/186 247/558/186
o Drop.031
v -5.600000 -8.200000 6.368750
v -5.600000 1.800000 6.368750
v -5.568750 -8.200000 6.400000
v -5.568750 1.800000 6.400000
v -5.600000 -8.200000 6.431250
v -5.600000 1.800000 6.431250
v -5.631250 -8.200000 6.400000
v -5.631250 1.800000 6.400000
vn 0.7071 -0.0000 -0.7071
vn 0.7071 -0.0000 0.7071
vn -0.0000 1.0000 -0.0000
vn -0.7071 -0.0000 0.7071
vn -0.7071 -0.0000 -0.7071
vn -0.0000 -1.0000 -0.0000
vt 1.000000 0.500000
vt 1.000000 1.000000
vt 0.750000 1.000000
vt 0.750000 0.500000
vt 0.500000 1.000000
vt 0.500000 0.500000
vt 0.490000 0.250000
vt 0.250000 0.490000
vt 0.010000 0.250000
vt 0.250000 0.010000
vt 0.250000 1.000000
vt 0.250000 0.500000
vt 0.000000 1.000000
vt 0.000000 0.500000
vt 0.750000 0.490000
vt 0.990000 0.250000
vt 0.750000 0.010000
vt 0.510000 0.250000
s 0
f 249/559/187 250/560/187 252/561/187 251/562/187
f 251/562/188 252/561/188 254/563/188 253/564/188
f 252/565/189 250/566/189 256/567/189 254/568/189
f 253/564/190 254/563/190 256/569/190 255/570/190
f 255/570/191 256/569/191 250/571/191 249/572/191
f 249/573/192 251/574/192 253/575/192 255/576/192
