# Blender 4.0.2
# www.blender.org
mtllib rain_part_moderate.mtl
o Drop
v 0.000000 -5.000000 -0.031250
v 0.000000 5.000000 -0.031250
v 0.031250 -5.000000 0.000000
v 0.031250 5.000000 0.000000
v 0.000000 -5.000000 0.031250
v 0.000000 5.000000 0.031250
v -0.031250 -5.000000 0.000000
v -0.031250 5.000000 0.000000
vn 0.7071 -0.0000 -0.7071
vn 0.7071 -0.0000 0.7071
vn -0.0000 1.0000 -0.0000
vn -0.7071 -0.0000 0.7071
vn -0.7071 -0.0000 -0.7071
vn -0.0000 -1.0000 -0.0000
vt 1.000000 0.500000
vt 1.000000 1.000000
vt 0.750000 1.000000
vt 0.750000 0.500000
vt 0.500000 1.000000
vt 0.500000 0.500000
vt 0.490000 0.250000
vt 0.250000 0.490000
vt 0.010000 0.250000
vt 0.250000 0.010000
vt 0.250000 1.000000
vt 0.250000 0.500000
vt 0.000000 1.000000
vt 0.000000 0.500000
vt 0.750000 0.490000
vt 0.990000 0.250000
vt 0.750000 0.010000
vt 0.510000 0.250000
s 0
f 1/1/1 2/2/1 4/3/1 3/4/1
f 3/4/2 4/3/2 6/5/2 5/6/2
f 4/7/3 2/8/3 8/9/3 6/10/3
f 5/6/4 6/5/4 8/11/4 7/12/4
f 7/12/5 8/11/5 2/13/5 1/14/5
f 1/15/6 3/16/6 5/17/6 7/18/6
o Drop.001
v -6.400000 -1.400000 -4.031250
v -6.400000 8.600000 -4.031250
v -6.368750 -1.400000 -4.000000
v -6.368750 8.600000 -4.000000
v -6.400000 -1.400000 -3.968750
v -6.400000 8.600000 -3.968750
v -6.431250 -1.400000 -4.000000
v -6.431250 8.600000 -4.000000
vn 0.7071 -0.0000 -0.7071
vn 0.7071 -0.0000 0.7071
vn -0.0000 1.0000 -0.0000
vn -0.7071 -0.0000 0.7071
vn -0.7071 -0.0000 -0.7071
vn -0.0000 -1.0000 -0.0000
vt 1.000000 0.500000
vt 1.000000 1.000000
vt 0.750000 1.000000
vt 0.750000 0.500000
vt 0.500000 1.000000
vt 0.500000 0.500000
vt 0.490000 0.250000
vt 0.250000 0.490000
vt 0.010000 0.250000
vt 0.250000 0.010000
vt 0.250000 1.000000
vt 0.250000 0.500000
vt 0.000000 1.000000
vt 0.000000 0.500000
vt 0.750000 0.490000
vt 0.990000 0.250000
vt 0.750000 0.010000
vt 0.510000 0.250000
s 0
f 9/19/7 10/20/7 12/21/7 11/22/7
f 11/22/8 12/21/8 14/23/8 13/24/8
f 12/25/9 10/26/9 16/27/9 14/28/9
f 13/24/10 14/23/10 16/29/10 15/30/10
f 15/30/11 16/29/11 10/31/11 9/32/11
f 9/33/12 11/34/12 13/35/12 15/36/12
o Drop.002
v 4.000000 -4.600000 -5.231250
v 4.000000 5.400000 -5.231250
v 4.031250 -4.600000 -5.200000
v 4.031250 5.400000 -5.200000
v 4.000000 -4.600000 -5.168750
v 4.000000 5.400000 -5.168750
v 3.968750 -4.600000 -5.200000
v 3.968750 5.400000 -5.200000
vn 0.7071 -0.0000 -0.7071
vn 0.7071 -0.0000 0.7071
vn -0.0000 1.0000 -0.0000
vn -0.7071 -0.0000 0.7071
vn -0.7071 -0.0000 -0.7071
vn -0.0000 -1.0000 -0.0000
vt 1.000000 0.500000
vt 1.000000 1.000000
vt 0.750000 1.000000
vt 0.750000 0.500000
vt 0.500000 1.000000
vt 0.500000 0.500000
vt 0.490000 0.250000
vt 0.250000 0.490000
vt 0.010000 0.250000
vt 0.250000 0.010000
vt 0.250000 1.000000
vt 0.250000 0.500000
vt 0.000000 1.000000
vt 0.000000 0.500000
vt 0.750000 0.490000
vt 0.990000 0.250000
vt 0.750000 0.010000
vt 0.510000 0.250000
s 0
f 17/37/13 18/38/13 20/39/13 19/40/13
f 19/40/14 20/39/14 22/41/14 21/42/14
f 20/43/15 18/44/15 24/45/15 22/46/15
f 21/42/16 22/41/16 24/47/16 23/48/16
f 23/48/17 24/47/17 18/49/17 17/50/17
f 17/51/18 19/52/18 21/53/18 23/54/18
o Drop.003
v 6.800000 -1.000000 -7.231250
v 6.800000 9.000000 -7.231250
v 6.831250 -1.000000 -7.200000
v 6.831250 9.000000 -7.200000
v 6.800000 -1.000000 -7.168750
v 6.800000 9.000000 -7.168750
v 6.768750 -1.000000 -7.200000
v 6.768750 9.000000 -7.200000
vn 0.7071 -0.0000 -0.7071
vn 0.7071 -0.0000 0.7071
vn -0.0000 1.0000 -0.0000
vn -0.7071 -0.0000 0.7071
vn -0.7071 -0.0000 -0.7071
vn -0.0000 -1.0000 -0.0000
vt 1.000000 0.500000
vt 1.000000 1.000000
vt 0.750000 1.000000
vt 0.750000 0.500000
vt 0.500000 1.000000
vt 0.500000 0.500000
vt 0.490000 0.250000
vt 0.250000 0.490000
vt 0.010000 0.250000
vt 0.250000 0.010000
vt 0.250000 1.000000
vt 0.250000 0.500000
vt 0.000000 1.000000
vt 0.000000 0.500000
vt 0.750000 0.490000
vt 0.990000 0.250000
vt 0.750000 0.010000
vt 0.510000 0.250000
s 0
f 25/55/19 26/56/19 28/57/19 27/58/19
f 27/58/20 28/57/20 30/59/20 29/60/20
f 28/61/21 26/62/21 32/63/21 30/64/21
f 29/60/22 30/59/22 32/65/22 31/66/22
f 31/66/23 32/65/23 26/67/23 25/68/23
f 25/69/24 27/70/24 29/71/24 31/72/24
o Drop.004
v -1.200000 -3.000000 -5.631250
v -1.200000 7.000000 -5.631250
v -1.168750 -3.000000 -5.600000
v -1.168750 7.000000 -5.600000
v -1.200000 -3.000000 -5.568750
v -1.200000 7.000000 -5.568750
v -1.231250 -3.000000 -5.600000
v -1.231250 7.000000 -5.600000
vn 0.7071 -0.0000 -0.7071
vn 0.7071 -0.0000 0.7071
vn -0.0000 1.0000 -0.0000
vn -0.7071 -0.0000 0.7071
vn -0.7071 -0.0000 -0.7071
vn -0.0000 -1.0000 -0.0000
vt 1.000000 0.500000
vt 1.000000 1.000000
vt 0.750000 1.000000
vt 0.750000 0.500000
vt 0.500000 1.000000
vt 0.500000 0.500000
vt 0.490000 0.250000
vt 0.250000 0.490000
vt 0.010000 0.250000
vt 0.250000 0.010000
vt 0.250000 1.000000
vt 0.250000 0.500000
vt 0.000000 1.000000
vt 0.000000 0.500000
vt 0.750000 0.490000
vt 0.990000 0.250000
vt 0.750000 0.010000
vt 0.510000 0.250000
s 0
f 33/73/25 34/74/25 36/75/25 35/76/25
f 35/76/26 36/75/26 38/77/26 37/78/26
f 36/79/27 34/80/27 40/81/27 38/82/27
f 37/78/28 38/77/28 40/83/28 39/84/28
f 39/84/29 40/83/29 34/85/29 33/86/29
f 33/87/30 35/88/30 37/89/30 39/90/30
o Drop.005
v 4.400000 -6.600000 0.768750
v 4.400000 3.400000 0.768750
v 4.431250 -6.600000 0.800000
v 4.431250 3.400000 0.800000
v 4.400000 -6.600000 0.831250
v 4.400000 3.400000 0.831250
v 4.368750 -6.600000 0.800000
v 4.368750 3.400000 0.800000
vn 0.7071 -0.0000 -0.7071
vn 0.7071 -0.0000 0.7071
vn -0.0000 1.0000 -0.0000
vn -0.7071 -0.0000 0.7071
vn -0.7071 -0.0000 -0.7071
vn -0.0000 -1.0000 -0.0000
vt 1.000000 0.500000
vt 1.000000 1.000000
vt 0.750000 1.000000
vt 0.750000 0.500000
vt 0.500000 1.000000
vt 0.500000 0.500000
vt 0.490000 0.250000
vt 0.250000 0.490000
vt 0.010000 0.250000
vt 0.250000 0.010000
vt 0.250000 1.000000
vt 0.250000 0.500000
vt 0.000000 1.000000
vt 0.000000 0.500000
vt 0.750000 0.490000
vt 0.990000 0.250000
vt 0.750000 0.010000
vt 0.510000 0.250000
s 0
f 41/91/31 42/92/31 44/93/31 43/94/31
f 43/94/32 44/93/32 46/95/32 45/96/32
f 44/97/33 42/98/33 48/99/33 46/100/33
f 45/96/34 46/95/34 48/101/34 47/102/34
f 47/102/35 48/101/35 42/103/35 41/104/35
f 41/105/36 43/106/36 45/107/36 47/108/36
o Drop.006
v 3.200000 -7.400000 -2.831250
v 3.200000 2.600000 -2.831250
v 3.231250 -7.400000 -2.800000
v 3.231250 2.600000 -2.800000
v 3.200000 -7.400000 -2.768750
v 3.200000 2.600000 -2.768750
v 3.168750 -7.400000 -2.800000
v 3.168750 2.600000 -2.800000
vn 0.7071 -0.0000 -0.7071
vn 0.7071 -0.0000 0.7071
vn -0.0000 1.0000 -0.0000
vn -0.7071 -0.0000 0.7071
vn -0.7071 -0.0000 -0.7071
vn -0.0000 -1.0000 -0.0000
vt 1.000000 0.500000
vt 1.000000 1.000000
vt 0.750000 1.000000
vt 0.750000 0.500000
vt 0.500000 1.000000
vt 0.500000 0.500000
vt 0.490000 0.250000
vt 0.250000 0.490000
vt 0.010000 0.250000
vt 0.250000 0.010000
vt 0.250000 1.000000
vt 0.250000 0.500000
vt 0.000000 1.000000
vt 0.000000 0.500000
vt 0.750000 0.490000
vt 0.990000 0.250000
vt 0.750000 0.010000
vt 0.510000 0.250000
s 0
f 49/109/37 50/110/37 52/111/37 51/112/37
f 51/112/38 52/111/38 54/113/38 53/114/38
f 52/115/39 50/116/39 56/117/39 54/118/39
f 53/114/40 54/113/40 56/119/40 55/120/40
f 55/120/41 56/119/41 50/121/41 49/122/41
f 49/123/42 51/124/42 53/125/42 55/126/42
o Drop.007
v -2.000000 0.200000 -2.431250
v -2.000000 10.200000 -2.431250
v -1.968750 0.200000 -2.400000
v -1.968750 10.200000 -2.400000
v -2.000000 0.200000 -2.368750
v -2.000000 10.200000 -2.368750
v -2.031250 0.200000 -2.400000
v -2.031250 10.200000 -2.400000
vn 0.7071 -0.0000 -0.7071
vn 0.7071 -0.0000 0.7071
vn -0.0000 1.0000 -0.0000
vn -0.7071 -0.0000 0.7071
vn -0.7071 -0.0000 -0.7071
vn -0.0000 -1.0000 -0.0000
vt 1.000000 0.500000
vt 1.000000 1.000000
vt 0.750000 1.000000
vt 0.750000 0.500000
vt 0.500000 1.000000
vt 0.500000 0.500000
vt 0.490000 0.250000
vt 0.250000 0.490000
vt 0.010000 0.250000
vt 0.250000 0.010000
vt 0.250000 1.000000
vt 0.250000 0.500000
vt 0.000000 1.000000
vt 0.000000 0.500000
vt 0.750000 0.490000
vt 0.990000 0.250000
vt 0.750000 0.010000
vt 0.510000 0.250000
s 0
f 57/127/43 58/128/43 60/129/43 59/130/43
f 59/130/44 60/129/44 62/131/44 61/132/44
f 60/133/45 58/134/45 64/135/45 62/136/45
f 61/132/46 62/131/46 64/137/46 63/138/46
f 63/138/47 64/137/47 58/139/47 57/140/47
f 57/141/48 59/142/48 61/143/48 63/144/48
o Drop.008
v -6.400000 -3.400000 -0.831250
v -6.400000 6.600000 -0.831250
v -6.368750 -3.400000 -0.800000
v -6.368750 6.600000 -0.800000
v -6.400000 -3.400000 -0.768750
v -6.400000 6.600000 -0.768750
v -6.431250 -3.400000 -0.800000
v -6.431250 6.600000 -0.800000
vn 0.7071 -0.0000 -0.7071
vn 0.7071 -0.0000 0.7071
vn -0.0000 1.0000 -0.0000
vn -0.7071 -0.0000 0.7071
vn -0.7071 -0.0000 -0.7071
vn -0.0000 -1.0000 -0.0000
vt 1.000000 0.500000
vt 1.000000 1.000000
vt 0.750000 1.000000
vt 0.750000 0.500000
vt 0.500000 1.000000
vt 0.500000 0.500000
vt 0.490000 0.250000
vt 0.250000 0.490000
vt 0.010000 0.250000
vt 0.250000 0.010000
vt 0.250000 1.000000
vt 0.250000 0.500000
vt 0.000000 1.000000
vt 0.000000 0.500000
vt 0.750000 0.490000
vt 0.990000 0.250000
vt 0.750000 0.010000
vt 0.510000 0.250000
s 0
f 65/145/49 66/146/49 68/147/49 67/148/49
f 67/148/50 68/147/50 70/149/50 69/150/50
f 68/151/51 66/152/51 72/153/51 70/154/51
f 69/150/52 70/149/52 72/155/52 71/156/52
f 71/156/53 72/155/53 66/157/53 65/158/53
f 65/159/54 67/160/54 69/161/54 71/162/54
o Drop.009
v -3.200000 -2.200000 1.568750
v -3.200000 7.800000 1.568750
v -3.168750 -2.200000 1.600000
v -3.168750 7.800000 1.600000
v -3.200000 -2.200000 1.631250
v -3.200000 7.800000 1.631250
v -3.231250 -2.200000 1.600000
v -3.231250 7.800000 1.600000
vn 0.7071 -0.0000 -0.7071
vn 0.7071 -0.0000 0.7071
vn -0.0000 1.0000 -0.0000
vn -0.7071 -0.0000 0.7071
vn -0.7071 -0.0000 -0.7071
vn -0.0000 -1.0000 -0.0000
vt 1.000000 0.500000
vt 1.000000 1.000000
vt 0.750000 1.000000
vt 0.750000 0.500000
vt 0.500000 1.000000
vt 0.500000 0.500000
vt 0.490000 0.250000
vt 0.250000 0.490000
vt 0.010000 0.250000
vt 0.250000 0.010000
vt 0.250000 1.000000
vt 0.250000 0.500000
vt 0.000000 1.000000
vt 0.000000 0.500000
vt 0.750000 0.490000
vt 0.990000 0.250000
vt 0.750000 0.010000
vt 0.510000 0.250000
s 0
f 73/163/55 74/164/55 76/165/55 75/166/55
f 75/166/56 76/165/56 78/167/56 77/168/56
f 76/169/57 74/170/57 80/171/57 78/172/57
f 77/168/58 78/167/58 80/173/58 79/174/58
f 79/174/59 80/173/59 74/175/59 73/176/59
f 73/177/60 75/178/60 77/179/60 79/180/60
o Drop.010
v 4.400000 -1.400000 4.768750
v 4.400000 8.600000 4.768750
v 4.431250 -1.400000 4.800000
v 4.431250 8.600000 4.800000
v 4.400000 -1.400000 4.831250
v 4.400000 8.600000 4.831250
v 4.368750 -1.400000 4.800000
v 4.368750 8.600000 4.800000
vn 0.7071 -0.0000 -0.7071
vn 0.7071 -0.0000 0.7071
vn -0.0000 1.0000 -0.0000
vn -0.7071 -0.0000 0.7071
vn -0.7071 -0.0000 -0.7071
vn -0.0000 -1.0000 -0.0000
vt 1.000000 0.500000
vt 1.000000 1.000000
vt 0.750000 1.000000
vt 0.750000 0.500000
vt 0.500000 1.000000
vt 0.500000 0.500000
vt 0.490000 0.250000
vt 0.250000 0.490000
vt 0.010000 0.250000
vt 0.250000 0.010000
vt 0.250000 1.000000
vt 0.250000 0.500000
vt 0.000000 1.000000
vt 0.000000 0.500000
vt 0.750000 0.490000
vt 0.990000 0.250000
vt 0.750000 0.010000
vt 0.510000 0.250000
s 0
f 81/181/61 82/182/61 84/183/61 83/184/61
f 83/184/62 84/183/62 86/185/62 85/186/62
f 84/187/63 82/188/63 88/189/63 86/190/63
f 85/186/64 86/185/64 88/191/64 87/192/64
f 87/192/65 88/191/65 82/193/65 81/194/65
f 81/195/66 83/196/66 85/197/66 87/198/66
o Drop.011
v 2.000000 -6.600000 2.768750
v 2.000000 3.400000 2.768750
v 2.031250 -6.600000 2.800000
v 2.031250 3.400000 2.800000
v 2.000000 -6.600000 2.831250
v 2.000000 3.400000 2.831250
v 1.968750 -6.600000 2.800000
v 1.968750 3.400000 2.800000
vn 0.7071 -0.0000 -0.7071
vn 0.7071 -0.0000 0.7071
vn -0.0000 1.0000 -0.0000
vn -0.7071 -0.0000 0.7071
vn -0.7071 -0.0000 -0.7071
vn -0.0000 -1.0000 -0.0000
vt 1.000000 0.500000
vt 1.000000 1.000000
vt 0.750000 1.000000
vt 0.750000 0.500000
vt 0.500000 1.000000
vt 0.500000 0.500000
vt 0.490000 0.250000
vt 0.250000 0.490000
vt 0.010000 0.250000
vt 0.250000 0.010000
vt 0.250000 1.000000
vt 0.250000 0.500000
vt 0.000000 1.000000
vt 0.000000 0.500000
vt 0.750000 0.490000
vt 0.990000 0.250000
vt 0.750000 0.010000
vt 0.510000 0.250000
s 0
f 89/199/67 90/200/67 92/201/67 91/202/67
f 91/202/68 92/201/68 94/203/68 93/204/68
f 92/205/69 90/206/69 96/207/69 94/208/69
f 93/204/70 94/203/70 96/209/70 95/210/70
f 95/210/71 96/209/71 90/211/71 89/212/71
f 89/213/72 91/214/72 93/215/72 95/216/72
o Drop.012
v -6.400000 -5.000000 2.368750
v -6.400000 5.000000 2.368750
v -6.368750 -5.000000 2.400000
v -6.368750 5.000000 2.400000
v -6.400000 -5.000000 2.431250
v -6.400000 5.000000 2.431250
v -6.431250 -5.000000 2.400000
v -6.431250 5.000000 2.400000
vn 0.7071 -0.0000 -0.7071
vn 0.7071 -0.0000 0.7071
vn -0.0000 1.0000 -0.0000
vn -0.7071 -0.0000 0.7071
vn -0.7071 -0.0000 -0.7071
vn -0.0000 -1.0000 -0.0000
vt 1.000000 0.500000
vt 1.000000 1.000000
vt 0.750000 1.000000
vt 0.750000 0.500000
vt 0.500000 1.000000
vt 0.500000 0.500000
vt 0.490000 0.250000
vt 0.250000 0.490000
vt 0.010000 0.250000
vt 0.250000 0.010000
vt 0.250000 1.000000
vt 0.250000 0.500000
vt 0.000000 1.000000
vt 0.000000 0.500000
vt 0.750000 0.490000
vt 0.990000 0.250000
vt 0.750000 0.010000
vt 0.510000 0.250000
s 0
f 97/217/73 98/218/73 100/219/73 99/220/73
f 99/220/74 100/219/74 102/221/74 101/222/74
f 100/223/75 98/224/75 104/225/75 102/226/75
f 101/222/76 102/221/76 104/227/76 103/228/76
f 103/228/77 104/227/77 98/229/77 97/230/77
f 97/231/78 99/232/78 101/233/78 103/234/78
o Drop.013
v -1.200000 -3.000000 3.568750
v -1.200000 7.000000 3.568750
v -1.168750 -3.000000 3.600000
v -1.168750 7.000000 3.600000
v -1.200000 -3.000000 3.631250
v -1.200000 7.000000 3.631250
v -1.231250 -3.000000 3.600000
v -1.231250 7.000000 3.600000
vn 0.7071 -0.0000 -0.7071
vn 0.7071 -0.0000 0.7071
vn -0.0000 1.0000 -0.0000
vn -0.7071 -0.0000 0.7071
vn -0.7071 -0.0000 -0.7071
vn -0.0000 -1.0000 -0.0000
vt 1.000000 0.500000
vt 1.000000 1.000000
vt 0.750000 1.000000
vt 0.750000 0.500000
vt 0.500000 1.000000
vt 0.500000 0.500000
vt 0.490000 0.250000
vt 0.250000 0.490000
vt 0.010000 0.250000
vt 0.250000 0.010000
vt 0.250000 1.000000
vt 0.250000 0.500000
vt 0.000000 1.000000
vt 0.000000 0.500000
vt 0.750000 0.490000
vt 0.990000 0.250000
vt 0.750000 0.010000
vt 0.510000 0.250000
s 0
f 105/235/79 106/236/79 108/237/79 107/238/79
f 107/238/80 108/237/80 110/239/80 109/240/80
f 108/241/81 106/242/81 112/243/81 110/244/81
f 109/240/82 110/239/82 112/245/82 111/246/82
f 111/246/83 112/245/83 106/247/83 105/248/83
f 105/249/84 107/250/84 109/251/84 111/252/84
o Drop.014
v -6.400000 -3.800000 5.568750
v -6.400000 6.200000 5.568750
v -6.368750 -3.800000 5.600000
v -6.368750 6.200000 5.600000
v -6.400000 -3.800000 5.631250
v -6.400000 6.200000 5.631250
v -6.431250 -3.800000 5.600000
v -6.431250 6.200000 5.600000
vn 0.7071 -0.0000 -0.7071
vn 0.7071 -0.0000 0.7071
vn -0.0000 1.0000 -0.0000
vn -0.7071 -0.0000 0.7071
vn -0.7071 -0.0000 -0.7071
vn -0.0000 -1.0000 -0.0000
vt 1.000000 0.500000
vt 1.000000 1.000000
vt 0.750000 1.000000
vt 0.750000 0.500000
vt 0.500000 1.000000
vt 0.500000 0.500000
vt 0.490000 0.250000
vt 0.250000 0.490000
vt 0.010000 0.250000
vt 0.250000 0.010000
vt 0.250000 1.000000
vt 0.250000 0.500000
vt 0.000000 1.000000
vt 0.000000 0.500000
vt 0.750000 0.490000
vt 0.990000 0.250000
vt 0.750000 0.010000
vt 0.510000 0.250000
s 0
f 113/253/85 114/254/85 116/255/85 115/256/85
f 115/256/86 116/255/86 118/257/86 117/258/86
f 116/259/87 114/260/87 120/261/87 118/262/87
f 117/258/88 118/257/88 120/263/88 119/264/88
f 119/264/89 120/263/89 114/265/89 113/266/89
f 113/267/90 115/268/90 117/269/90 119/270/90
o Drop.015
v 6.400000 -6.600000 6.768750
v 6.400000 3.400000 6.768750
v 6.431250 -6.600000 6.800000
v 6.431250 3.400000 6.800000
v 6.400000 -6.600000 6.831250
v 6.400000 3.400000 6.831250
v 6.368750 -6.600000 6.800000
v 6.368750 3.400000 6.800000
vn 0.7071 -0.0000 -0.7071
vn 0.7071 -0.0000 0.7071
vn -0.0000 1.0000 -0.0000
vn -0.7071 -0.0000 0.7071
vn -0.7071 -0.0000 -0.7071
vn -0.0000 -1.0000 -0.0000
vt 1.000000 0.500000
vt 1.000000 1.000000
vt 0.750000 1.000000
vt 0.750000 0.500000
vt 0.500000 1.000000
vt 0.500000 0.500000
vt 0.490000 0.250000
vt 0.250000 0.490000
vt 0.010000 0.250000
vt 0.250000 0.010000
vt 0.250000 1.000000
vt 0.250000 0.500000
vt 0.000000 1.000000
vt 0.000000 0.500000
vt 0.750000 0.490000
vt 0.990000 0.250000
vt 0.750000 0.010000
vt 0.510000 0.250000
s 0
f 121/271/91 122/272/91 124/273/91 123/274/91
f 123/274/92 124/273/92 126/275/92 125/276/92
f 124/277/93 122/278/93 128/279/93 126/280/93
f 125/276/94 126/275/94 128/281/94 127/282/94
f 127/282/95 128/281/95 122/283/95 121/284/95
f 121/285/96 123/286/96 125/287/96 127/288/96
